7f4b4459
00000400
00000400
00000004
00000055
0D000000
0C000000
02080100
0E000000
0D000000
0C000000
02080200
0E000000
0D000000
0C000000
02080000
0E000000
0D000000
0C00000A
02080300
0E000000
0D000000
01000800
0D010000
01010803
08000100
0E000000
0E010000
06000834
090D0000
07000834
090D0000
01000800
0D000000
01000801
0D000000
0C080825
0D080000
05000835
0D030000
0C030002
03120300
0E030000
02080100
0D000000
0D010000
01000800
0C010001
03000100
02080000
0E000000
0E010000
05000814
00000000
0D130000
0B131200
0D010000
0D020000
0B011300
0C020002
03010200
10000100
0E010000
0E020000
0D010000
0D020000
0B011300
0C020003
03010200
10020100
03000200
0E010000
0E020000
0D000000
0D010000
0D020000
0B011300
0C020001
09020000
0D030000
0C030001
03020300
03010200
0E030000
10000100
0E010000
0E020000
0B121300
0E130000
0E090000
